date: '2025-10-28'
granularity: m1
rows:
- c: 113913.81
  h: 113955.41
  l: 113913.8
  o: 113940.85
  ts: '2025-10-28T00:53:00Z'
  v: 1.19530743
- c: 113926.0
  h: 113931.52
  l: 113897.4
  o: 113913.81
  ts: '2025-10-28T00:54:00Z'
  v: 1.33044423
symbol: BTCUSD
